#   1 X_IMAGE                Object position along x                                    [pixel]
#   2 Y_IMAGE                Object position along y                                    [pixel]
#   3 FLUX_RADIUS            Fraction-of-light radii                                    [pixel]
#   4 FLUX_AUTO              Flux within a Kron-like elliptical aperture                [count]
#   5 FLUX_APER              Flux vector within fixed circular aperture(s)              [count]
#   6 CXX_IMAGE              Cxx object ellipse parameter                               [pixel**(-2)]
#   7 CYY_IMAGE              Cyy object ellipse parameter                               [pixel**(-2)]
#   8 CXY_IMAGE              Cxy object ellipse parameter                               [pixel**(-2)]
#   9 BACKGROUND             Background at centroid position                            [count]
#  10 ELONGATION             A_IMAGE/B_IMAGE                                           
#  11 MAG_APER               Fixed aperture magnitude vector                            [mag]
#  12 MAG_AUTO               Kron-like elliptical aperture magnitude                    [mag]
  3542.3428     54.9295      4.815     12.53305     5.672462   9.2950925e-02   9.3079798e-02  -1.8111475e-02 -0.000281897    1.103  -1.8844  -2.7451
   913.0847    238.3736      4.202     16.04432     8.809325   1.0723488e-01   1.1364505e-01  -2.1631494e-02 8.928842e-07    1.108  -2.3624  -3.0133
  2647.8728    551.6637      4.170     19.50872     10.80304   1.0221674e-01   1.0739951e-01  -1.7690981e-02 -1.629763e-05    1.092  -2.5839  -3.2256
  1572.3376    581.2305      4.172     18.62789     10.31504   1.0318659e-01   1.0611738e-01  -1.8830659e-02 -3.727967e-06    1.096  -2.5337  -3.1754
  3821.5393    762.2412      4.136     9.758448     5.466391   1.3475877e-01   1.3034751e-01  -2.3822436e-02 -1.794159e-05    1.096  -1.8443  -2.4735
  1391.9324    869.5612      4.183      25.3364     13.99188   9.5645085e-02   9.8713905e-02  -1.7777951e-02 4.557387e-06    1.098  -2.8647  -3.5094
  3442.6187   1131.4973      4.157      16.7515     9.311832   1.0692771e-01   1.1192432e-01  -1.9692985e-02 -1.156736e-05    1.098  -2.4226  -3.0601
  1452.8171   1171.1619      4.189     23.08173     12.72991   9.8504856e-02   1.0200825e-01  -1.8039394e-02 -5.42264e-06    1.096  -2.7621  -3.4082
  3019.3589   1229.9504      4.121     11.03684     6.221097   1.2211328e-01   1.2633260e-01  -2.1094574e-02 2.297543e-05    1.091  -1.9847  -2.6071
  1596.4167   1330.9395      4.173     43.68917     24.17474   8.9466855e-02   9.1236539e-02  -1.7773932e-02 -4.183892e-06    1.104  -3.4584  -4.1009
  1257.8208   2041.3177      4.186     30.63463     16.91819   9.3880877e-02   9.6145883e-02  -1.9422133e-02  1.06788e-05    1.109  -3.0709  -3.7155
  1118.2177   2108.1055      4.147     4.845299     2.709695   1.9359493e-01   2.1180148e-01  -2.9400937e-02 -1.208979e-05    1.089  -1.0823  -1.7133
   815.4129   2149.3276      4.198      14.2216     7.804195   1.1011029e-01   1.1517358e-01  -1.8028008e-02 -1.218955e-05    1.087  -2.2308  -2.8824
  1618.6709   2664.7764      4.128     19.18312     10.77289   1.0434414e-01   1.0791374e-01  -1.7951548e-02 -9.99545e-06    1.090  -2.5808  -3.2073
  2871.1262   3042.8945      4.187     13.01582     7.153522   1.1572281e-01   1.1593889e-01  -1.8070713e-02 8.514238e-06    1.081  -2.1363  -2.7862
  1627.5159   3652.9768      4.171     273.4464     151.9301   7.9121463e-02   8.1599526e-02  -1.5463633e-02 -1.735364e-05    1.103  -5.4541  -6.0922
  3452.2566   4081.4021      4.142     21.59588     12.07787   1.0215398e-01   1.0211142e-01  -1.9934241e-02  3.09376e-06    1.103  -2.7050  -3.3359
  2003.2439   4040.9492      4.170     115.1175     63.92059   8.1828646e-02   8.4799834e-02  -1.5872344e-02 -7.100269e-06    1.102  -4.5141  -5.1529
  3812.6619   3314.0459      4.128     29.62777     16.66071   9.6528769e-02   9.7553432e-02  -1.8052975e-02 4.570949e-05    1.098  -3.0542  -3.6792
